%YAML:1.0
---
CameraExtrinsicMat: !!opencv-matrix
   rows: 4
   cols: 4
   dt: d
   data: [ 9.9958501306989112e-01, 2.6874013576658237e-02,
       -1.0372513694718519e-02, -1.4457333058422825e-02,
       1.0282121406793224e-02, 3.4995665290413758e-03,
       9.9994101376705458e-01, 2.4747805057557782e-03,
       2.6908727681581285e-02, -9.9963270276056426e-01,
       3.2217923843878005e-03, -5.4552622569695196e-02, 0., 0., 0., 1. ]
CameraMat: !!opencv-matrix
   rows: 3
   cols: 3
   dt: d
   data: [ 4.8530489589291022e+02, 0., 6.4900742326061732e+02, 0.,
       4.8215577349951587e+02, 3.5736628055800554e+02, 0., 0., 1. ]
DistCoeff: !!opencv-matrix
   rows: 1
   cols: 5
   dt: d
   data: [ -6.2204162299203128e-02, -4.9506794410282627e-02,
       -3.4315819422230213e-03, -7.8246513082728085e-04,
       2.4241918187679526e-02 ]
ImageSize: [ 1280, 720 ]
ReprojectionError: 5.1196342866172984e-01
