%YAML:1.0
---
CameraExtrinsicMat: !!opencv-matrix
   rows: 4
   cols: 4
   dt: d
   data: [ 2.0697982433359297e-02, 6.0513395847459128e-02,
       9.9795276563883384e-01, -1.5665130162593213e-01,
       -9.9978191958831175e-01, -1.5188454159185127e-03,
       2.0828018938760184e-02, 6.0363774359650903e-03,
       2.7761101381533204e-03, -9.9816622965897395e-01,
       6.0468762025442380e-02, -1.1949485591508684e-01, 0., 0., 0., 1. ]
CameraMat: !!opencv-matrix
   rows: 3
   cols: 3
   dt: d
   data: [ 1.6155191044464509e+03, 0., 6.3053102904037610e+02, 0.,
       1.6048841935617338e+03, 2.9169364348379708e+02, 0., 0., 1. ]
DistCoeff: !!opencv-matrix
   rows: 1
   cols: 5
   dt: d
   data: [ -4.1148396717438879e-01, 9.0234846884568648e-02,
       3.9845639015917769e-03, 3.9658049750896998e-03,
       -4.0488734006806010e-01 ]
ImageSize: [ 1280, 720 ]
ReprojectionError: 9.6873668996834739e-01
