%YAML:1.0
---
CameraExtrinsicMat: !!opencv-matrix
   rows: 4
   cols: 4
   dt: d
   data: [ -9.9981021916304380e-01, -1.3929037553644838e-02,
       -1.3620116371579758e-02, -1.5959185275921498e-02,
       1.3801667303606541e-02, -1.3021996593372887e-02,
       -9.9981995458400541e-01, 2.4091424981846982e-02,
       1.3749168585292033e-02, -9.9981818823101598e-01,
       1.3211769210135560e-02, -5.4222628189113727e-02, 0., 0., 0., 1. ]
CameraMat: !!opencv-matrix
   rows: 3
   cols: 3
   dt: d
   data: [ 4.8727909956531983e+02, 0., 6.6137223421948102e+02, 0.,
       4.8384823540155674e+02, 3.5115147858413860e+02, 0., 0., 1. ]
DistCoeff: !!opencv-matrix
   rows: 1
   cols: 5
   dt: d
   data: [ -7.0521289587901576e-02, 4.2460318674000727e-02,
       -8.6693256336958357e-04, 6.5705071166220312e-03,
       -1.3033982594927945e-01 ]
ImageSize: [ 1280, 720 ]
ReprojectionError: 3.6166494639296570e-01
