%YAML:1.0
---
CameraExtrinsicMat: !!opencv-matrix
   rows: 4
   cols: 4
   dt: d
   data: [ -1.4268030457785352e-02, -4.4292001606186182e-02,
       9.9891673421790939e-01, -1.0896236222848038e-01,
       -9.9969399689708471e-01, -1.9557647640301434e-02,
       -1.5146319246254369e-02, 7.8285762682724108e-02,
       2.0207322306217246e-02, -9.9882717074201355e-01,
       -4.3999399004046147e-02, -3.2040429253153806e-02, 0., 0., 0., 1. ]
CameraMat: !!opencv-matrix
   rows: 3
   cols: 3
   dt: d
   data: [ 1.5765301405946639e+03, 0., 6.5009799806537762e+02, 0.,
       1.5657452668698588e+03, 4.0609862594223642e+02, 0., 0., 1. ]
DistCoeff: !!opencv-matrix
   rows: 1
   cols: 5
   dt: d
   data: [ -3.7497460502263114e-01, -7.4280228767141199e-01,
       -5.5766890863626099e-03, 4.8296365209537563e-04,
       3.7089242046495343e+00 ]
ImageSize: [ 1280, 720 ]
ReprojectionError: 8.6344611474477673e-01
